20081011,010001,en,1671
20081220,070001,en,1136
20081006,080000,en,1173
20081205,070000,en,1192
20081009,090000,en,1565
20081108,160000,en,1396
20081024,040000,en,1696
20081020,170000,en,2375
20081025,060001,en,1212
20081220,110000,en,910
20081119,180000,en,1925
20081122,090000,en,1092
20081124,030000,en,1615
20081225,130001,en,954
20081004,190000,en,1594
20081209,140000,en,1506
20081231,170000,en,1528
20081227,100000,en,893
20081125,120001,en,1131
20081223,190001,en,1741
20081031,200000,en,2330
20081207,230000,en,1890
20081213,170000,en,1607
20081222,080000,en,1095
20081116,200000,en,2843
20081230,100000,en,1133
20081026,200000,en,2083
20081202,190000,en,2109
20081011,080000,en,1118
20081009,050000,en,1805
20081223,140000,en,1226
20081019,170000,en,1870
20081111,070000,en,1308
20081117,120000,en,1282
20081215,200000,en,2322
20081110,000000,en,1872
20081118,040000,en,1566
20081027,010000,en,2411
20081028,040000,en,1896
20081004,060000,en,1145
20081115,180000,en,1775
20081014,030000,en,2358
20081012,090000,en,1163
20081222,040000,en,1600
20081118,230001,en,1846
20081216,210000,en,2220
20081126,160000,en,1866
20081224,060000,en,1377
20081203,080001,en,1242
20081215,180001,en,2068
20081217,080000,en,1264
20081015,230001,en,2452
20081214,160000,en,1421
20081127,180001,en,1723
20081213,040000,en,1298
20081017,060000,en,1369
20081104,000001,en,2051
20081205,100000,en,1037
20081228,150000,en,1053
20081201,180000,en,2085
20081116,020000,en,1612
20081126,050000,en,1862
20081118,220000,en,2117
20081025,140000,en,1355
20081209,030000,en,1692
20081227,020001,en,1306
20081018,210000,en,1780
20081014,140000,en,2533
20081127,150000,en,1610
20081218,010000,en,1877
20081129,040000,en,1300
20081017,150000,en,2175
20081003,100000,en,1181
20081130,110000,en,1052
20081228,110000,en,803
20081001,010000,en,2018
20081016,090000,en,1317
20081212,070000,en,1328
20081209,110001,en,1308
20081122,160000,en,1526
20081124,100000,en,1281
20081020,040000,en,2022
20081023,010000,en,2100
20081231,040000,en,1388
20081006,160001,en,2824
20081005,200000,en,1926
20081020,210000,en,2513
20081201,010001,en,1804
20081230,040000,en,1214
20081222,210000,en,1985
20081107,210000,en,1882
20081031,010000,en,2169
20081010,220000,en,2334
20081212,170000,en,1868
20081223,100000,en,1146
20081019,000000,en,1646
20081111,100000,en,1242
20081213,220000,en,1910
20081129,000000,en,1574
20081008,110000,en,1550
20081117,160000,en,1887
20081007,010000,en,2089
20081226,060000,en,1208
20081108,140000,en,1062
20081116,230001,en,1858
20081214,100000,en,1045
20081105,090000,en,984
20081004,010000,en,1381
20081212,000000,en,1712
20081220,230000,en,1487
20081230,000000,en,1634
20081222,180000,en,1844
20081031,000001,en,2101
20081113,230000,en,2230
20081005,120000,en,1050
20081212,110000,en,1038
20081014,180001,en,2724
20081022,210000,en,2331
20081229,040000,en,1626
20081024,010000,en,1983
20081206,130000,en,813
20081218,160000,en,1701
20081102,070000,en,1122
20081203,090000,en,1161
20081129,130001,en,992
20081009,130000,en,1953
20081224,140000,en,1025
20081003,200000,en,2129
20081229,220000,en,1580
20081217,230000,en,2019
20081222,130001,en,1201
20081130,050000,en,1561
20081117,200000,en,2308
20081026,000001,en,1627
20081218,120000,en,1153
20081201,210000,en,2221
20081214,010000,en,1529
20081130,060000,en,1488
20081017,110000,en,1304
20081001,060000,en,1210
20081016,190000,en,2444
20081224,090000,en,1023
20081230,130000,en,1156
20081122,190000,en,1747
20081118,100000,en,1259
20081028,100000,en,1107
20081020,180000,en,2409
20081215,050000,en,1515
20081001,110001,en,1194
20081003,010000,en,1735
20081219,220000,en,1824
20081210,100000,en,1008
20081211,140000,en,1505
20081114,160000,en,1946
20081101,030000,en,1425
20081208,090000,en,1054
20081106,190000,en,1987
20081011,050000,en,1495
20081220,030000,en,1404
20081031,030000,en,2147
20081027,180001,en,2748
20081025,220000,en,1855
20081007,000000,en,2335
20081003,160001,en,1962
20081004,050000,en,1351
20081120,080000,en,1138
20081225,070001,en,980
20081007,160000,en,2495
20081001,100000,en,1165
20081225,010001,en,1137
20081031,210000,en,2296
20081001,040000,en,1759
20081114,050000,en,1532
20081229,000000,en,1692
20081212,150000,en,1623
20081107,230000,en,1717
20081113,080000,en,1191
20081213,030000,en,1295
20081106,220000,en,2858
20081002,110001,en,1347
20081127,220000,en,1661
20081018,160000,en,1679
20081112,040000,en,1538
20081102,060001,en,1064
20081025,030000,en,1550
20081128,180000,en,1745
20081018,200001,en,1855
20081026,110000,en,925
20081212,100000,en,1163
20081022,200000,en,2441
20081001,120000,en,1330
20081229,050000,en,1403
20081209,130000,en,1291
20081202,050000,en,1583
20081025,170000,en,1646
20081102,120001,en,1071
20081231,100000,en,1008
20081106,040000,en,1547
20081227,170000,en,1282
20081118,110000,en,1316
20081009,210000,en,3778
20081215,040000,en,1657
20081110,190000,en,2125
20081210,030000,en,1416
20081012,120000,en,1194
20081207,050000,en,1326
20081118,080000,en,1247
20081129,220000,en,1767
20081119,200000,en,2012
20081202,210000,en,2249
20081113,130000,en,1750
20081026,100000,en,922
20081202,030000,en,1602
20081210,230001,en,1841
20081106,020000,en,1565
20081006,040001,en,1785
20081009,170000,en,2474
20081025,110000,en,1035
20081011,110000,en,1161
20081123,080000,en,1145
20081101,170001,en,1591
20081025,130000,en,1147
20081213,070000,en,1211
20081214,150000,en,1272
20081127,050000,en,1443
20081123,090000,en,1006
20081017,050000,en,1424
20081222,050000,en,1396
20081023,120001,en,1492
20081113,120001,en,1376
20081228,180000,en,1471
20081019,010000,en,1640
20081217,150000,en,1798
20081017,080000,en,1259
20081230,230000,en,1595
20081221,060000,en,1181
20081126,110000,en,1334
20081204,100000,en,1181
20081223,040000,en,1733
20081012,110000,en,1157
20081207,060000,en,1327
20081109,010000,en,1484
20081111,170000,en,2213
20081115,110001,en,900
20081019,220000,en,2130
20081205,200001,en,1797
20081124,140000,en,1622
20081020,000000,en,1932
20081128,190001,en,1654
20081013,070001,en,1404
20081013,140000,en,2591
20081010,060000,en,1616
20081211,210000,en,2115
20081029,200000,en,2422
20081005,000000,en,1478
20081023,130000,en,1847
20081212,050000,en,1373
20081011,060000,en,1415
20081215,120001,en,1251
20081220,000000,en,1525
20081203,020001,en,1579
20081119,170001,en,2122
20081020,070001,en,1346
20081231,020000,en,1425
20081202,220000,en,2227
20081226,190000,en,1531
20081015,010000,en,1951
20081108,230001,en,1589
20081125,010000,en,1754
20081209,200000,en,2136
20081220,190001,en,1517
20081127,210000,en,1719
20081219,180000,en,1741
20081121,010000,en,1766
20081126,000001,en,1918
20081128,210000,en,1657
20081103,130000,en,1459
20081129,170000,en,1489
20081214,050000,en,1406
20081024,210000,en,2418
20081201,170000,en,2156
20081222,190001,en,1852
20081121,070000,en,1423
20081202,090000,en,1088
20081123,000001,en,1728
20081011,190001,en,11995
20081223,000000,en,1588
20081111,130000,en,8625
20081114,150000,en,1813
20081227,090000,en,1044
20081010,230000,en,2079
20081024,150000,en,2314
20081219,010001,en,1577
20081209,080000,en,1254
20081116,090000,en,1049
20081024,100000,en,1272
20081128,170000,en,1802
20081101,000001,en,1779
20081029,040000,en,1959
20081206,050000,en,1497
20081216,030000,en,1471
20081105,200000,en,1823
20081107,050001,en,1555
20081221,230000,en,1643
20081027,050000,en,1473
20081016,230000,en,2027
20081212,020000,en,1628
20081114,120000,en,1071
20081109,110001,en,908
20081230,140001,en,1251
20081217,090000,en,1198
20081105,220000,en,1950
20081226,140001,en,1007
20081030,180001,en,2328
20081002,070000,en,1233
20081005,150000,en,1569
20081203,060000,en,1603
20081216,070000,en,1273
20081104,010000,en,1783
20081216,180001,en,1890
20081001,080000,en,1118
20081231,050000,en,1320
20081213,150000,en,1338
20081226,110000,en,839
20081101,220000,en,1759
20081231,190000,en,1497
20081218,190001,en,1929
20081207,210000,en,1980
20081024,020000,en,1762
20081207,190000,en,1713
20081221,020000,en,1503
20081023,020000,en,2192
20081231,070000,en,1077
20081113,020000,en,1810
20081204,170000,en,2001
20081124,060001,en,1469
20081113,160000,en,2203
20081127,100000,en,1247
20081027,170000,en,2584
20081208,040001,en,1653
20081214,140000,en,1352
20081105,080000,en,1086
20081031,220000,en,2091
20081127,040000,en,1424
20081004,000000,en,1508
20081221,150000,en,1258
20081217,210000,en,2128
20081120,030000,en,1435
20081217,170000,en,1906
20081010,030000,en,2510
20081023,160000,en,2476
20081013,110000,en,1554
20081206,030001,en,1394
20081201,100000,en,1019
20081017,200000,en,2410
20081108,120000,en,1003
20081018,140000,en,1302
20081107,130000,en,1422
20081127,200000,en,1663
20081111,060000,en,1490
20081205,190000,en,1859
20081210,220000,en,1967
20081019,160000,en,1759
20081211,060000,en,1292
20081129,010001,en,1537
20081231,000000,en,1675
20081023,050000,en,1642
20081102,140000,en,1299
20081225,120000,en,924
20081022,150000,en,2162
20081229,150000,en,1454
20081213,100000,en,962
20081108,150000,en,1338
20081115,220000,en,1800
20081008,010000,en,2219
20081204,190000,en,2104
20081128,050000,en,1552
20081008,220000,en,2557
20081221,180000,en,1397
20081007,180000,en,2548
20081005,050000,en,1250
20081230,210000,en,1605
20081012,130001,en,1387
20081120,100000,en,1259
20081208,130000,en,1219
20081109,160000,en,1464
20081115,230001,en,1681
20081118,030000,en,1589
20081229,140001,en,1267
20081114,060001,en,1336
20081220,210000,en,1675
20081111,180001,en,2142
20081101,210000,en,1811
20081108,130000,en,1101
20081107,010000,en,1828
20081008,070000,en,1569
20081213,160000,en,1462
20081125,130000,en,1417
20081030,000001,en,2285
20081010,020001,en,2394
20081101,150000,en,1381
20081206,020000,en,1433
20081022,190000,en,2427
20081029,030000,en,1961
20081020,220000,en,2428
20081015,000001,en,2210
20081123,070000,en,1236
20081115,020000,en,1429
20081030,170000,en,2405
20081122,120001,en,1140
20081025,020000,en,1621
20081208,120000,en,1145
20081208,200000,en,2067
20081029,000001,en,2148
20081018,050000,en,1324
20081214,210000,en,2226
20081104,160000,en,2117
20081102,100000,en,1168
20081225,160000,en,959
20081112,110000,en,1217
20081113,190000,en,2298
20081101,230000,en,1685
20081208,210000,en,2204
20081229,110000,en,1206
20081130,130001,en,1092
20081008,050000,en,1723
20081109,230001,en,2089
20081009,100000,en,1362
20081024,190000,en,2350
20081224,170000,en,1388
20081202,040000,en,1505
20081126,070000,en,1342
20081118,200000,en,2112
20081003,040000,en,1461
20081210,150000,en,1714
20081127,000001,en,1773
20081126,200000,en,1962
20081130,160000,en,1504
20081219,150000,en,1523
20081205,210000,en,2095
20081108,090000,en,935
20081115,100000,en,902
20081031,100000,en,1047
20081103,050000,en,1708
20081021,020000,en,1907
20081012,080000,en,1225
20081109,180000,en,1786
20081218,040000,en,1748
20081117,110001,en,1243
20081127,080000,en,1129
20081005,070000,en,1105
20081030,030000,en,2000
20081214,060001,en,1339
20081204,060000,en,1455
20081208,110000,en,1099
20081229,210000,en,1879
20081224,160000,en,1349
20081212,080000,en,1147
20081004,090000,en,834
20081105,010000,en,1505
20081016,060000,en,1541
20081115,070000,en,1181
20081123,020000,en,1608
20081025,070000,en,1242
20081130,070001,en,1232
20081108,170000,en,1451
20081117,050001,en,1594
20081227,190000,en,1540
20081204,010000,en,1573
20081123,140000,en,1312
20081117,230001,en,2048
20081116,070000,en,1053
20081231,230000,en,1218
20081016,000000,en,10435
20081224,100000,en,1087
20081130,020001,en,1662
20081230,150000,en,1481
20081029,110000,en,1234
20081028,160000,en,2698
20081224,190001,en,1314
20081201,140001,en,1415
20081105,210000,en,1943
20081126,220000,en,1940
20081122,170000,en,1759
20081012,170000,en,2013
20081207,000000,en,1705
20081018,000000,en,8971
20081121,140000,en,1682
20081025,080000,en,953
20081201,040000,en,1663
20081006,230000,en,2638
20081015,120000,en,1698
20081221,010001,en,1367
20081014,130000,en,2135
20081111,000000,en,1733
20081019,100000,en,1094
20081202,100000,en,1184
20081112,070000,en,1138
20081121,120000,en,1275
20081128,150000,en,1467
20081011,120000,en,1244
20081005,080000,en,1025
20081201,020000,en,1720
20081115,130000,en,1050
20081227,000000,en,1522
20081126,020000,en,2295
20081219,160000,en,1786
20081224,120000,en,1066
20081205,220000,en,1823
20081001,000000,en,1952
20081127,030000,en,1499
20081030,080000,en,1214
20081213,010000,en,1396
20081214,130000,en,1132
20081013,090000,en,1508
20081121,030000,en,1659
20081007,170000,en,2499
20081226,090000,en,890
20081030,040000,en,1912
20081120,150000,en,1807
20081113,200000,en,2385
20081130,090000,en,990
20081228,090000,en,887
20081002,100000,en,1330
20081003,170000,en,2048
20081231,160000,en,1510
20081105,100000,en,1083
20081004,180000,en,1490
20081216,200000,en,1978
20081103,000001,en,2011
20081125,060001,en,1571
20081221,110000,en,878
20081117,000000,en,1907
20081001,050001,en,1572
20081102,200000,en,1884
20081205,110000,en,1037
20081007,220000,en,2858
20081102,040000,en,1539
20081008,160000,en,2702
20081218,150000,en,1688
20081124,220000,en,2280
20081008,100000,en,1589
20081130,180000,en,1756
20081122,220000,en,1744
20081213,230000,en,1645
20081027,080000,en,1122
20081020,190001,en,2497
20081018,130000,en,1133
20081011,140000,en,1467
20081106,080000,en,1153
20081114,210000,en,2036
20081220,140000,en,1081
20081222,120000,en,1121
20081101,140000,en,1155
20081110,120000,en,1794
20081020,120000,en,9649
20081122,150000,en,1481
20081019,030000,en,1669
20081215,090000,en,1426
20081201,110000,en,1095
20081118,170001,en,1922
20081202,010000,en,1845
20081031,090000,en,972
20081106,130000,en,1297
20081216,220000,en,2242
20081016,020000,en,1866
20081218,220000,en,1949
20081121,230000,en,1938
20081128,020000,en,1751
20081112,050000,en,1602
20081201,000000,en,1942
20081202,120000,en,1054
20081121,090000,en,1152
20081015,170001,en,2536
20081011,090000,en,1168
20081026,140000,en,1264
20081116,140000,en,1238
20081208,050000,en,1568
20081206,120000,en,820
20081202,080001,en,1116
20081211,030000,en,1441
20081228,020001,en,1211
20081204,230000,en,2142
20081221,000000,en,1338
20081105,070000,en,1110
20081202,230000,en,1990
20081123,160000,en,1557
20081002,210000,en,2210
20081130,100000,en,974
20081205,150000,en,1654
20081028,050000,en,1436
20081219,210000,en,1807
20081228,100000,en,850
20081129,090000,en,815
20081223,170000,en,1710
20081004,220001,en,1636
20081027,110000,en,1359
20081214,180001,en,1822
20081128,220000,en,1656
20081215,230000,en,2132
20081005,130000,en,1248
20081218,080000,en,1108
20081103,090000,en,1282
20081121,170001,en,2116
20081225,040000,en,1107
20081110,210000,en,2242
20081002,140000,en,2082
20081014,220000,en,10569
20081017,040001,en,1778
20081119,000000,en,1658
20081218,230000,en,1799
20081010,210000,en,2783
20081121,220000,en,2190
20081226,220000,en,1477
20081120,210000,en,2292
20081212,040000,en,1460
20081012,070001,en,2386
20081101,010000,en,1602
20081211,160000,en,1756
20081108,200000,en,1532
20081113,150000,en,1932
20081204,040000,en,1563
20081004,200000,en,1819
20081217,220000,en,2221
20081221,160000,en,1231
20081014,060001,en,1467
20081206,210001,en,1763
20081207,020000,en,1635
20081003,080000,en,1035
20081210,190000,en,1888
20081228,050000,en,1272
20081012,150000,en,1737
20081213,210000,en,1858
20081008,120000,en,1710
20081117,220000,en,2272
20081125,050000,en,1686
20081217,000001,en,1975
20081225,220000,en,1274
20081228,210000,en,1645
20081109,210000,en,1948
20081224,050000,en,1417
20081204,210000,en,2214
20081211,010000,en,1489
20081126,150000,en,1917
20081216,230000,en,1960
20081101,080000,en,753
20081106,120000,en,1220
20081016,030000,en,2037
20081031,080000,en,1118
20081205,080001,en,1154
20081114,030000,en,1624
20081127,230000,en,1627
20081201,130000,en,1163
20081026,090000,en,932
20081018,170000,en,1932
20081017,230000,en,1712
20081010,040000,en,2300
20081123,010000,en,1656
20081217,030000,en,1598
20081019,040000,en,1551
20081206,190000,en,1619
20081113,000001,en,1724
20081229,080001,en,1188
20081111,140000,en,5013
20081107,080000,en,1113
20081016,120000,en,1583
20081221,050000,en,1451
20081002,190000,en,2400
20081219,080000,en,1133
20081129,200000,en,1662
20081010,130001,en,2174
20081124,050000,en,1611
20081112,170000,en,2031
20081006,150000,en,2538
20081208,100001,en,1141
20081126,080000,en,1312
20081201,150000,en,1676
20081011,160000,en,1812
20081025,190000,en,1725
20081018,110000,en,1044
20081224,180000,en,1353
20081127,060001,en,1384
20081130,220000,en,2245
20081111,010000,en,1737
20081129,110000,en,868
20081104,210000,en,2060
20081019,110000,en,1157
20081110,060000,en,1425
20081113,220000,en,2260
20081203,000000,en,1749
20081206,070000,en,1134
20081107,140000,en,1513
20081024,070000,en,1172
20081207,110000,en,979
20081002,200000,en,2437
20081121,190000,en,2091
20081222,070001,en,1184
20081005,030000,en,1557
20081109,050001,en,1176
20081226,170000,en,1317
20081114,220000,en,2070
20081023,090000,en,1386
20081207,120000,en,1113
20081004,150000,en,1330
20081128,140000,en,1289
20081005,220001,en,1922
20081108,050000,en,1439
20081002,050001,en,1634
20081011,130001,en,1334
20081017,180000,en,2408
20081128,070001,en,1173
20081002,160000,en,2269
20081005,170000,en,1713
20081123,060001,en,1339
20081109,030000,en,1483
20081124,150000,en,1951
20081001,230001,en,2302
20081028,090000,en,1151
20081207,040000,en,1494
20081007,200000,en,2844
20081008,140000,en,2461
20081123,210000,en,2028
20081119,150000,en,1697
20081013,210000,en,3007
20081029,150000,en,2151
20081215,100000,en,1223
20081109,130000,en,1220
20081019,190000,en,1928
20081111,090000,en,1113
20081118,060000,en,1444
20081209,180000,en,1885
20081119,110001,en,1358
20081219,070001,en,1253
20081220,200000,en,1484
20081015,030000,en,1908
20081125,030000,en,1512
20081029,070000,en,1231
20081206,060000,en,1320
20081120,070000,en,1365
20081204,130000,en,1182
20081223,220000,en,1551
20081029,130000,en,1646
20081103,210000,en,2460
20081121,110001,en,1197
20081122,020000,en,1564
20081119,130000,en,1407
20081215,160000,en,1885
20081013,010001,en,2087
20081218,070000,en,1139
20081119,030000,en,1544
20081015,220000,en,2595
20081112,190000,en,2198
20081013,100000,en,1710
20081010,110000,en,1707
20081217,160000,en,1973
20081007,190000,en,2585
20081001,220000,en,2424
20081124,160000,en,1987
20081110,020000,en,1687
20081006,060000,en,1362
20081205,090000,en,985
20081009,020001,en,1923
20081120,060001,en,1371
20081109,200000,en,1899
20081208,160001,en,1728
20081125,170000,en,2133
20081027,230000,en,2343
20081001,070000,en,1203
20081107,020000,en,1773
20081210,000000,en,1840
20081215,070000,en,1473
20081012,040000,en,1602
20081120,180001,en,2093
20081109,140000,en,1170
20081214,120001,en,1049
20081007,100001,en,1534
20081010,000000,en,2441
20081015,110001,en,1560
20081111,080000,en,8472
20081021,080000,en,1239
20081219,230000,en,1553
20081212,120001,en,1217
20081028,140000,en,1884
20081205,170000,en,2057
20081009,070000,en,1433
20081208,060000,en,1404
20081201,090000,en,1048
20081025,050000,en,1378
20081219,140000,en,1261
20081009,000000,en,2069
20081007,210001,en,3046
20081020,130001,en,1749
20081223,070001,en,1249
20081105,040000,en,1472
20081231,060000,en,1319
20081028,180001,en,2613
20081113,030000,en,1792
20081211,000000,en,1622
20081215,140000,en,1537
20081222,230000,en,1772
20081203,040000,en,1732
20081114,000001,en,1819
20081223,200000,en,1784
20081019,080001,en,1161
20081229,130000,en,1342
20081004,030000,en,1548
20081107,120000,en,1223
20081118,010000,en,1582
20081018,030001,en,1495
20081215,190000,en,2139
20081015,130000,en,1810
20081106,230001,en,2511
20081028,030000,en,1867
20081016,200000,en,2778
20081105,230000,en,1695
20081004,040001,en,1502
20081008,210001,en,2858
20081005,230000,en,1844
20081110,220000,en,2347
20081222,220000,en,1929
20081012,050000,en,1494
20081029,140000,en,1942
20081210,010000,en,1623
20081107,180001,en,1885
20081225,140000,en,947
20081122,210000,en,1816
20081209,170001,en,1942
20081223,050000,en,1477
20081204,200001,en,2146
20081206,230000,en,1847
20081031,160000,en,2360
20081021,040000,en,17469
20081111,040000,en,1646
20081219,190001,en,1863
20081014,200000,en,2972
20081206,140000,en,1033
20081013,080000,en,1535
20081121,020000,en,1815
20081017,220000,en,1896
20081211,130000,en,1273
20081201,120000,en,1052
20081101,040000,en,1360
20081115,170001,en,1533
20081122,140000,en,1144
20081210,180000,en,1922
20081102,010000,en,1733
20081218,100000,en,1040
20081012,140000,en,1606
20081218,130001,en,1178
20081204,000000,en,1752
20081119,210000,en,2137
20081011,150000,en,1660
20081120,230000,en,2049
20081230,200001,en,1607
20081210,090000,en,1066
20081031,150000,en,2149
20081102,050000,en,1315
20081228,000000,en,1318
20081122,100000,en,1087
20081007,230000,en,2327
20081206,220000,en,1691
20081012,100000,en,1127
20081218,140000,en,1462
20081211,040000,en,1526
20081206,090001,en,984
20081023,070000,en,1414
20081112,120001,en,1312
20081113,070000,en,1423
20081224,030000,en,1395
20081023,040000,en,1916
20081204,120000,en,1145
20081212,190000,en,1761
20081103,140000,en,1712
20081203,190000,en,2211
20081222,140000,en,1411
20081129,100000,en,775
20081124,130000,en,1564
20081013,040000,en,2133
20081017,160001,en,2300
20081010,120000,en,1747
20081030,140000,en,2070
20081001,210000,en,2968
20081128,090000,en,1092
20081115,010000,en,1556
20081212,210000,en,1752
20081125,040000,en,1552
20081015,040000,en,1988
20081006,130000,en,1602
20081127,020000,en,1444
20081030,090000,en,1219
20081029,010000,en,2410
20081020,200000,en,2564
20081206,000000,en,1712
20081003,060000,en,1146
20081025,180001,en,1770
20081230,110000,en,1074
20081201,070001,en,1337
20081130,140000,en,1232
20081022,170001,en,2417
20081217,070000,en,1513
20081018,080000,en,962
20081013,050000,en,1895
20081128,080000,en,1153
20081118,020000,en,1444
20081229,020001,en,1376
20081126,210000,en,2049
20081012,180000,en,2040
20081026,220000,en,2065
20081205,010000,en,1663
20081227,080001,en,1037
20081028,020000,en,2003
20081014,000001,en,2570
20081126,100000,en,1309
20081107,190000,en,1837
20081224,000000,en,1587
20081004,080000,en,1054
20081212,090000,en,1267
20081209,010000,en,1635
20081227,050000,en,1267
20081003,230000,en,1628
20081016,070000,en,1461
20081116,000000,en,1612
20081006,100001,en,1317
20081126,060001,en,1579
20081228,220000,en,1482
20081117,140000,en,1644
20081008,130000,en,2007
20081213,200000,en,1700
20081117,190000,en,2139
20081224,230000,en,1284
20081008,090001,en,1597
20081210,210000,en,1931
20081128,230000,en,1596
20081204,140001,en,1483
20081125,110000,en,1292
20081213,180001,en,1636
20081105,110001,en,1238
20081104,130000,en,1589
20081216,190000,en,1903
20081206,180000,en,1438
20081109,150000,en,1251
20081110,080000,en,1230
20081118,000000,en,1758
20081108,000001,en,1473
20081112,220000,en,2274
20081229,070000,en,1204
20081031,040000,en,1959
20081116,080000,en,1040
20081024,110000,en,1274
20081022,220000,en,2299
20081211,200000,en,1983
20081010,140000,en,2690
20081217,130000,en,1320
20081120,140000,en,1634
20081208,170000,en,1875
20081005,010000,en,1501
20081117,170001,en,2006
20081018,060000,en,1209
20081001,130000,en,1520
20081024,200000,en,2321
20081121,060000,en,1514
20081212,160000,en,1751
20081229,030000,en,1391
20081210,140000,en,1458
20081103,190000,en,2225
20081116,220000,en,2174
20081230,120000,en,1079
20081003,000000,en,1892
20081117,020000,en,1738
20081021,000001,en,1971
20081229,180000,en,1605
20081101,120001,en,1092
20081113,100000,en,1273
20081015,210000,en,2999
20081104,020000,en,1750
20081125,210000,en,2156
20081216,170000,en,1929
20081107,110001,en,1214
20081101,190000,en,1705
20081103,220000,en,2373
20081208,020000,en,1677
20081116,130000,en,1125
20081112,080000,en,1112
20081025,010000,en,1617
20081028,170000,en,2547
20081210,120000,en,1187
20081024,120001,en,1446
20081102,210000,en,2056
20081108,010000,en,1245
20081210,170001,en,2074
20081028,120001,en,1294
20081107,170000,en,2033
20081010,180000,en,2930
20081128,030000,en,1406
20081119,120000,en,1372
20081223,230000,en,1483
20081203,070000,en,1333
20081108,060001,en,1184
20081222,200000,en,1933
20081005,210000,en,2020
20081215,170000,en,1876
20081202,160000,en,1885
20081227,220000,en,1474
20081208,180000,en,1916
20081112,010000,en,1620
20081211,110001,en,1088
20081210,040000,en,1480
20081012,000000,en,1638
20081024,000001,en,2004
20081103,230000,en,2317
20081117,180000,en,2157
20081130,170000,en,1707
20081228,170000,en,1359
20081016,210000,en,2691
20081216,010000,en,1727
20081228,070000,en,1111
20081225,080000,en,888
20081109,070000,en,1026
20081117,080000,en,1236
20081102,020000,en,1637
20081010,070001,en,1670
20081223,020000,en,1654
20081125,180001,en,2030
20081114,200000,en,2069
20081201,160000,en,1796
20081224,010001,en,1363
20081201,230000,en,2172
20081017,130000,en,1648
20081110,150000,en,2124
20081214,030000,en,1294
20081027,140000,en,2137
20081127,130000,en,1446
20081119,010000,en,1654
20081111,230000,en,1951
20081004,160001,en,1429
20081002,060000,en,1378
20081110,200000,en,2269
20081227,030000,en,1206
20081209,070000,en,1219
20081106,030000,en,1510
20081231,220000,en,1383
20081009,160000,en,2569
20081025,100000,en,1047
20081018,180000,en,1991
20081116,060000,en,1245
20081224,110000,en,1015
20081126,010000,en,1749
20081127,170000,en,2122
20081214,070000,en,1120
20081018,230000,en,1749
20081229,200001,en,1838
20081027,100000,en,1172
20081123,120001,en,1037
20081125,020000,en,1748
20081106,200000,en,2195
20081120,190000,en,2219
20081007,110000,en,1410
20081017,030000,en,1864
20081008,040000,en,1988
20081108,070000,en,1030
20081114,020000,en,1765
20081207,140000,en,1205
20081026,080000,en,1098
20081004,170000,en,1505
20081209,210000,en,2251
20081216,060001,en,1266
20081027,000001,en,2388
20081005,090000,en,1015
20081008,060000,en,1438
20081101,200000,en,1718
20081229,120000,en,1200
20081121,130000,en,1342
20081012,210000,en,2137
20081225,210000,en,1212
20081231,030001,en,1319
20081130,040000,en,1682
20081107,200000,en,1977
20081211,080000,en,1155
20081008,000000,en,2423
20081122,060001,en,1288
20081004,130000,en,1118
20081207,100000,en,900
20081213,110000,en,885
20081104,120001,en,1824
20081016,170000,en,2609
20081209,150000,en,1794
20081227,110000,en,950
20081016,160001,en,2575
20081022,140000,en,2086
20081002,090000,en,1158
20081218,060001,en,1403
20081001,180000,en,2378
20081010,050000,en,1911
20081207,080000,en,1135
20081003,020000,en,1519
20081210,130000,en,1302
20081014,190000,en,2767
20081008,180000,en,2766
20081207,160001,en,1320
20081124,230000,en,2076
20081206,170000,en,1462
20081014,230000,en,2369
20081125,160000,en,1850
20081104,080000,en,1116
20081015,160000,en,2520
20081003,190000,en,2260
20081121,080000,en,1182
20081219,110000,en,1029
20081116,150000,en,1388
20081017,100001,en,1255
20081013,020000,en,2251
20081115,140000,en,1128
20081214,000001,en,1673
20081201,200001,en,2256
20081211,020000,en,1436
20081001,090000,en,1068
20081229,090000,en,2769
20081113,010000,en,1805
20081018,070000,en,1068
20081008,200000,en,2832
20081114,130000,en,1207
20081024,130000,en,1900
20081214,230000,en,2252
20081011,000000,en,1906
20081007,140000,en,2185
20081220,060000,en,1320
20081007,020000,en,2014
20081004,070000,en,1078
20081028,000001,en,2220
20081226,050000,en,1208
20081221,080000,en,1084
20081025,200000,en,1818
20081119,040000,en,1584
20081211,170001,en,1822
20081002,030000,en,2146
20081015,180000,en,2534
20081110,010000,en,1718
20081031,140000,en,1941
20081210,080000,en,1086
20081129,230000,en,1765
20081019,230000,en,2058
20081003,090000,en,1125
20081125,150000,en,1928
20081015,150000,en,2421
20081109,040000,en,1370
20081223,120000,en,1140
20081105,130000,en,1241
20081126,030000,en,1711
20081106,010000,en,1524
20081108,110001,en,886
20081103,200000,en,2457
20081230,050000,en,1534
20081219,040000,en,1539
20081203,100000,en,1202
20081009,150000,en,2460
20081105,120000,en,1175
20081026,050000,en,1473
20081111,050001,en,1596
20081129,160000,en,1270
20081203,220000,en,2103
20081230,190000,en,1657
20081122,130000,en,1187
20081102,170000,en,1760
20081120,120001,en,1325
20081127,160000,en,1668
20081225,110000,en,881
20081018,220000,en,1433
20081013,130001,en,2072
20081130,010000,en,1647
20081125,100000,en,1259
20081001,170001,en,2294
20081218,090000,en,1115
20081103,080000,en,1315
20081106,100000,en,1205
20081204,220000,en,2219
20081016,010000,en,10363
20081105,060000,en,1087
20081021,070000,en,1368
20081205,180000,en,1956
20081106,110001,en,1204
20081224,070001,en,1052
20081029,220000,en,2486
20081023,110000,en,1383
20081120,040000,en,1404
20081014,120001,en,1754
20081013,160000,en,2716
20081112,000001,en,1736
20081216,130000,en,1227
20081104,190000,en,2200
20081005,110000,en,959
20081023,200000,en,2470
20081225,060000,en,1125
20081009,040000,en,2025
20081228,200001,en,1525
20081029,180001,en,2384
20081202,180000,en,2046
20081010,150000,en,2921
20081014,090000,en,1507
20081101,050001,en,1141
20081210,070000,en,1313
20081230,160000,en,1603
20081006,190000,en,3265
20081124,090000,en,1160
20081012,030000,en,1680
20081001,190000,en,2976
20081220,130001,en,949
20081119,220000,en,2267
20081016,110000,en,1513
20081230,090000,en,1007
20081015,020000,en,2084
20081220,170000,en,1425
20081211,100000,en,1025
20081012,010001,en,1603
20081101,070000,en,918
20081210,050001,en,1551
20081207,090001,en,1015
20081117,070000,en,1363
20081109,080000,en,1154
20081027,070000,en,1324
20081205,120000,en,1014
20081218,110000,en,1036
20081116,170001,en,1616
20081012,200000,en,2172
20081024,080000,en,1187
20081028,220000,en,2447
20081231,130000,en,891
20081224,020000,en,1237
20081209,100000,en,1177
20081110,050001,en,1521
20081013,030000,en,2034
20081123,030000,en,1446
20081030,130000,en,1592
20081115,060000,en,1301
20081217,010000,en,1852
20081111,190000,en,2152
20081204,080001,en,1090
20081019,090000,en,1102
20081208,220001,en,2126
20081214,080000,en,1112
20081015,100000,en,1433
20081002,180000,en,2448
20081107,040000,en,1658
20081018,100000,en,998
20081221,090000,en,919
20081205,020001,en,1711
20081126,090000,en,1228
20081226,150000,en,1120
20081120,090000,en,1146
20081107,150000,en,1788
20081025,230000,en,1672
20081108,030000,en,1401
20081009,200001,en,3035
20081130,080000,en,987
20081224,220000,en,1268
20081221,210000,en,1728
20081104,070000,en,1272
20081226,070001,en,1091
20081006,000000,en,1906
20081103,170000,en,2306
20081012,160000,en,1728
20081014,100000,en,1644
20081207,010000,en,1551
20081029,120001,en,1286
20081231,180000,en,1402
20081107,100000,en,1336
20081009,190000,en,2738
20081024,030000,en,1770
20081121,160000,en,2061
20081112,030000,en,1706
20081201,060000,en,1472
20081128,110000,en,1106
20081202,140000,en,1543
20081216,020000,en,1814
20081002,120000,en,1370
20081206,100000,en,873
20081201,030000,en,1690
20081110,230001,en,4010
20081112,180001,en,2077
20081202,110000,en,1273
20081006,110000,en,1237
20081109,220000,en,2063
20081117,210000,en,2098
20081020,150000,en,2328
20081211,050001,en,1465
20081124,010000,en,1788
20081119,090000,en,1259
20081014,010000,en,2322
20081012,220000,en,2038
20081030,120001,en,1514
20081102,110000,en,968
20081223,110000,en,1176
20081225,170000,en,1046
20081123,230000,en,1966
20081226,200001,en,1554
20081203,150000,en,1800
20081030,200000,en,2443
20081116,030000,en,1523
20081227,060000,en,1276
20081110,170001,en,2374
20081209,020000,en,1783
20081231,200000,en,1516
20081205,230000,en,1816
20081115,120000,en,924
20081219,170000,en,1623
20081227,010000,en,1313
20081116,040000,en,1850
20081209,050000,en,1696
20081012,190001,en,2116
20081103,180001,en,2196
20081204,030000,en,1577
20081005,020000,en,1397
20081113,110000,en,1338
20081121,180000,en,2199
20081229,190000,en,1592
20081226,180000,en,1372
20081208,140000,en,1482
20081226,010001,en,1281
20081214,090000,en,968
20081125,220000,en,2042
20081127,190000,en,1705
20081207,220001,en,1971
20081017,190000,en,2351
20081010,160000,en,3336
20081030,100000,en,1296
20081208,150000,en,1700
20081003,210000,en,2103
20081211,190000,en,1826
20081114,080000,en,1061
20081224,150000,en,1240
20081026,020000,en,1541
20081227,070000,en,1148
20081105,150000,en,1516
20081120,020000,en,1503
20081108,220000,en,1682
20081113,170000,en,2206
20081023,170000,en,2241
20081126,140000,en,1800
20081227,120000,en,981
20081209,160000,en,1796
20081019,140001,en,1362
20081224,040000,en,1303
20081016,140000,en,2166
20081018,020000,en,1518
20081011,230000,en,1816
20081214,020000,en,1453
20081102,130000,en,1187
20081225,150000,en,955
20081122,200000,en,1753
20081115,050001,en,1467
20081116,160000,en,1503
20081026,160000,en,1607
20081208,070000,en,1276
20081120,170000,en,2147
20081019,020001,en,1602
20081106,170001,en,2086
20081113,060001,en,1531
20081027,210000,en,2738
20081015,060000,en,1726
20081229,100000,en,1435
20081108,100000,en,1001
20081007,050000,en,1855
20081220,220000,en,1660
20081226,020000,en,1313
20081125,190000,en,2027
20081119,050000,en,1613
20081226,210000,en,1482
20081109,170001,en,1709
20081120,220000,en,2356
20081114,140000,en,1468
20081024,140000,en,2251
20081122,180001,en,1849
20081213,020000,en,1373
20081010,090000,en,1515
20081027,060001,en,1383
20081030,060001,en,1488
20081103,150000,en,1898
20081206,080000,en,975
20081129,020000,en,1540
20081212,230000,en,1717
20081029,090000,en,1197
20081022,130000,en,1650
20081031,020000,en,2395
20081011,220000,en,1809
20081106,180000,en,1853
20081228,140001,en,1027
20081211,150000,en,1862
20081101,020000,en,1474
20081001,160000,en,2155
20081016,220001,en,2364
20081123,190000,en,2108
20081229,230000,en,1501
20081020,010001,en,1984
20081030,010000,en,2216
20081123,110000,en,1070
20081103,120001,en,1405
20081222,010001,en,1443
20081213,080000,en,1128
20081225,200000,en,1252
20081228,230000,en,1485
20081104,150000,en,1843
20081201,220000,en,2279
20081125,070000,en,1338
20081017,120000,en,1382
20081106,050001,en,1489
20081223,030000,en,1585
20081019,130000,en,1268
20081109,060000,en,1178
20081111,030000,en,1543
20081122,230000,en,1853
20081117,090000,en,1270
20081021,030000,en,2985
20081027,090000,en,1077
20081228,190000,en,1474
20081020,160000,en,2493
20081016,050001,en,1774
20081124,020000,en,1627
20081112,100000,en,1219
20081006,120000,en,1407
20081004,230000,en,1605
20081023,150000,en,2326
20081204,070000,en,1207
20081007,080000,en,1293
20081215,210000,en,2431
20081116,110001,en,1035
20081223,150000,en,1566
20081111,150000,en,1971
20081019,050000,en,1471
20081129,050000,en,1295
20081224,210000,en,1358
20081013,190001,en,2604
20081002,010000,en,2169
20081023,220000,en,2445
20081122,000001,en,1857
20081212,030000,en,1528
20081203,130001,en,1197
20081231,080000,en,999
20081101,060000,en,1063
20081119,230000,en,1885
20081123,170000,en,1807
20081217,110000,en,1356
20081120,160000,en,2017
20081030,070000,en,1256
20081013,170000,en,2646
20081102,000001,en,1647
20081031,120001,en,1366
20081211,220000,en,2049
20081029,230000,en,2422
20081116,010000,en,1658
20081010,170000,en,2975
20081115,040000,en,1428
20081227,040000,en,1339
20081209,000000,en,1760
20081114,180000,en,1970
20081030,110000,en,1263
20081103,060001,en,1530
20081025,040000,en,1453
20081105,160000,en,1787
20081201,080000,en,1212
20081009,060000,en,1580
20081125,230000,en,1955
20081225,000000,en,1253
20081216,150000,en,1646
20081019,210000,en,2176
20081129,210000,en,1796
20081224,130001,en,1003
20081009,140001,en,2329
20081025,120001,en,991
20081012,230000,en,2079
20081103,040000,en,1842
20081102,030000,en,1514
20081218,050000,en,1567
20081104,090000,en,1289
20081003,180000,en,2010
20081221,130001,en,957
20081225,090000,en,927
20081029,050000,en,1567
20081206,040000,en,1318
20081015,190000,en,2691
20081203,030000,en,1621
20081225,180000,en,1173
20081002,020000,en,2143
20081216,110000,en,1208
20081107,090000,en,1107
20081130,190001,en,1927
20081231,010000,en,1479
20081221,040000,en,1426
20081211,070000,en,1204
20081016,130000,en,1807
20081126,130000,en,1499
20081102,220000,en,2023
20081129,180000,en,1556
20081205,040000,en,1545
20081109,120000,en,1012
20081220,100000,en,958
20081110,160000,en,2019
20081104,170000,en,1966
20081027,220000,en,2528
20081007,030000,en,2131
20081025,210000,en,1886
20081121,040000,en,1708
20081118,120001,en,1241
20081116,190000,en,2088
20081208,080000,en,1326
20081226,040000,en,1280
20081024,170000,en,2224
20081105,030000,en,1243
20081106,150000,en,1745
20081211,180000,en,1874
20081016,040000,en,2077
20081012,060000,en,1282
20081210,020000,en,1596
20081110,180000,en,2262
20081013,230000,en,2473
20081029,170000,en,2616
20081119,020000,en,1377
20081112,060001,en,1440
20081020,230000,en,2069
20081022,180000,en,2357
20081029,020000,en,2098
20081231,235959,en,1205
20081014,160000,en,2730
20081106,000001,en,1587
20081221,190001,en,1598
20081223,090000,en,1148
20081117,030000,en,1732
20081102,230000,en,1925
20081001,140000,en,1853
20081011,200000,en,6418
20081104,060001,en,1558
20081018,010000,en,9515
20081116,180000,en,1852
20081024,230000,en,1877
20081016,080000,en,1352
20081011,040000,en,1690
20081026,190000,en,1902
20081213,130000,en,1093
20081008,020000,en,1966
20081024,220000,en,2036
20081220,020000,en,1342
20081217,040000,en,1646
20081009,010000,en,1983
20081013,060000,en,1531
20081218,000001,en,1867
20081024,090000,en,1150
20081202,070000,en,1233
20081106,060000,en,1275
20081227,150000,en,1186
20081231,120000,en,912
20081105,170001,en,1934
20081015,070000,en,1684
20081110,140000,en,1779
20081220,120000,en,815
20081107,000000,en,2171
20081004,210000,en,1837
20081213,090000,en,923
20081204,050000,en,1463
20081006,220001,en,2811
20081125,000001,en,1891
20081120,110000,en,1240
20081123,100000,en,1078
20081017,090000,en,1206
20081120,130000,en,1339
20081013,120000,en,1672
20081214,190000,en,1864
20081230,220000,en,1825
20081217,140000,en,1583
20081127,090000,en,1208
20081005,060000,en,1155
20081030,020000,en,2061
20081026,060001,en,1213
20081017,140000,en,1977
20081228,030000,en,1337
20081122,040000,en,1538
20081114,170001,en,2013
20081213,000001,en,1591
20081203,170000,en,2119
20081001,030000,en,1868
20081025,090000,en,1036
20081216,000001,en,1897
20081201,050000,en,1567
20081007,120000,en,1584
20081115,090000,en,1045
20081203,160000,en,1987
20081030,230000,en,2183
20081230,030000,en,1277
20081219,020000,en,1606
20081125,080000,en,1329
20081015,080000,en,1565
20081115,030000,en,1370
20081208,000000,en,1860
20081030,160000,en,2388
20081010,100000,en,1526
20081021,060001,en,1428
20081013,000000,en,2040
20081217,020000,en,1872
20081114,190000,en,1998
20081026,010000,en,1547
20081009,110000,en,1440
20081108,190000,en,1543
20081226,100000,en,800
20081028,060001,en,1345
20081002,000000,en,2163
20081119,070000,en,1379
20081212,060001,en,1247
20081226,130000,en,932
20081118,050001,en,1554
20081025,160000,en,1594
20081127,120001,en,1203
20081223,130001,en,1256
20081026,170000,en,1859
20081115,160000,en,1572
20081014,040000,en,2081
20081110,030000,en,1617
20081102,150000,en,1572
20081202,020001,en,1548
20081112,140000,en,1467
20081124,110000,en,1324
20081020,050000,en,1656
20081006,010000,en,2067
20081227,140001,en,1122
20081211,230001,en,2011
20081021,010000,en,1789
20081215,080000,en,1345
20081203,180000,en,2093
20081031,130000,en,1777
20081015,200000,en,2577
20081005,140000,en,1300
20081031,180001,en,2318
20081112,200000,en,2255
20081004,020000,en,1488
20081129,060000,en,1207
20081231,210001,en,1455
20081021,050000,en,1748
20081209,040001,en,1472
20081103,020000,en,1989
20081116,050001,en,1467
20081031,170000,en,2173
20081218,030000,en,1675
20081118,190000,en,2109
20081103,030000,en,1973
20081216,080000,en,1147
20081218,020000,en,1717
20081122,110000,en,1028
20081019,070000,en,1122
20081222,030000,en,1520
20081117,060000,en,1585
20081026,230000,en,2148
20081109,090000,en,979
20081024,060001,en,1399
20081205,000000,en,1817
20081029,080000,en,1090
20081027,200000,en,2642
20081105,000001,en,1610
20081221,070001,en,1153
20081006,170000,en,2703
20081230,180000,en,1697
20081109,020000,en,1462
20081124,070000,en,1476
20081014,070000,en,1586
20081028,080000,en,1157
20081217,200000,en,2189
20081108,210000,en,1640
20081221,140000,en,1104
20081113,140000,en,1999
20081115,000000,en,1640
20081019,200001,en,2237
20081123,050000,en,1411
20081001,200000,en,2965
20081110,110001,en,1259
20081030,150000,en,2189
20081218,170000,en,1819
20081130,030000,en,1973
20081116,210000,en,7464
20081015,090000,en,1563
20081030,220000,en,2296
20081222,090000,en,1162
20081219,030000,en,1569
20081125,090000,en,1310
20081026,180001,en,1809
20081215,110000,en,1191
20081123,200000,en,1955
20081121,050001,en,1579
20081119,140000,en,1577
20081203,010000,en,1702
20081119,190000,en,2061
20081129,120000,en,959
20081029,190000,en,2530
20081103,160000,en,2050
20081019,120000,en,1200
20081212,180001,en,1691
20081028,210000,en,2517
20081219,120000,en,1000
20081207,030001,en,1505
20081118,210000,en,2250
20081223,010001,en,1743
20081021,120001,en,1482
20081213,190000,en,1724
20081008,080000,en,1590
20081216,050000,en,1660
20081007,040001,en,1967
20081027,030000,en,2031
20081125,200000,en,2168
20081110,090000,en,1137
20081117,040000,en,1702
20081028,010000,en,1980
20081009,220000,en,3098
20081026,210000,en,2055
20081027,040000,en,1753
20081011,100000,en,1163
20081121,100000,en,1215
20081209,220000,en,2069
20081226,030000,en,1280
20081020,030000,en,1978
20081222,100000,en,1206
20081101,160000,en,1518
20081006,070000,en,1271
20081103,100000,en,1462
20081124,170000,en,2068
20081129,140000,en,1141
20081124,000001,en,1838
20081227,160000,en,1786
20081106,160000,en,1824
20081231,110000,en,943
20081209,120000,en,1260
20081028,200000,en,2434
20081215,130000,en,1330
20081230,010000,en,1739
20081119,160000,en,1865
20081030,210000,en,2541
20081128,010001,en,1424
20081205,130000,en,1095
20081027,190000,en,2598
20081221,200000,en,1629
20081228,160000,en,1784
20081111,120000,en,1151
20081228,040000,en,1336
20081222,150000,en,1593
20081101,130000,en,1048
20081118,130000,en,1320
20081004,100001,en,981
20081009,230000,en,2406
20081013,200000,en,2688
20081028,130000,en,1523
20081122,050000,en,1388
20081111,210000,en,2086
20081215,150000,en,1702
20081119,100000,en,1298
20081223,210000,en,1805
20081230,070000,en,1398
20081029,100000,en,1232
20081122,010000,en,1628
20081005,160001,en,1659
20081204,090000,en,1127
20081214,220000,en,2195
20081128,060000,en,1377
20081019,060000,en,1336
20081222,020000,en,1543
20081216,090000,en,1232
20081203,210000,en,2204
20081222,110000,en,1090
20081220,010001,en,1497
20081011,070001,en,1321
20081028,110000,en,1223
20081022,120000,en,64
20081020,140000,en,1999
20081212,220000,en,1869
20081108,180001,en,1524
20081119,080000,en,1221
20081023,180001,en,2441
20081225,020000,en,1124
20081102,080000,en,969
20081113,180001,en,2252
20081003,130000,en,1436
20081130,120000,en,1007
20081217,120001,en,1395
20081130,200000,en,2128
20081104,230000,en,1902
20081225,230000,en,1198
20081218,210000,en,1977
20081018,120000,en,1051
20081121,200000,en,2236
20081202,170000,en,2173
20081023,190000,en,2306
20081213,140000,en,1138
20081207,200000,en,1920
20081031,230000,en,1959
20081202,200001,en,2025
20081101,100000,en,765
20081222,160000,en,1869
20081014,110000,en,1459
20081122,080000,en,1118
20081111,020000,en,1533
20081123,130000,en,1176
20081023,140000,en,2167
20081007,090000,en,1338
20081120,010000,en,1673
20081010,010000,en,2389
20081102,090000,en,984
20081225,030000,en,1188
20081218,180000,en,1773
20081002,150000,en,2252
20081003,120000,en,1207
20081104,030000,en,1702
20081217,180001,en,1886
20081002,170001,en,2327
20081102,180001,en,1750
20081208,230000,en,2045
20081017,070000,en,1364
20081127,070000,en,1365
20081107,160000,en,1939
20081229,170000,en,1899
20081024,050000,en,1598
20081115,200000,en,1688
20081115,080000,en,1052
20081011,210000,en,1952
20081105,050001,en,1141
20081223,160000,en,1733
20081109,000000,en,1501
20081225,100000,en,883
20081102,160000,en,1576
20081117,100000,en,1304
20081008,170000,en,2608
20081215,220000,en,2164
20081026,070000,en,1157
20081108,080000,en,878
20081027,120001,en,1278
20081209,060000,en,1424
20081126,170000,en,2055
20081128,100000,en,995
20081202,150000,en,1778
20081227,180000,en,1452
20081112,020000,en,1532
20081129,030000,en,1422
20081204,020001,en,1559
20081103,070000,en,1365
20081212,010000,en,1568
20081011,020000,en,1960
20081224,080000,en,960
20081220,040000,en,1458
20081006,090000,en,1231
20081205,060000,en,1476
20081109,100000,en,941
20081124,190000,en,2205
20081118,160000,en,1979
20081031,060001,en,1340
20081215,030000,en,1667
20081222,170000,en,1792
20081031,110000,en,1180
20081101,110000,en,942
20081110,040000,en,1590
20081109,190000,en,1670
20081020,090000,en,17269
20081221,220000,en,1591
20081104,040000,en,1811
20081003,150000,en,1873
20081030,190000,en,2443
20081011,030000,en,1772
20081018,040000,en,1561
20081008,230000,en,2223
20081214,200000,en,1879
20081220,050000,en,1415
20081114,100000,en,1060
20081128,040000,en,1410
20081007,070000,en,1284
20081226,000000,en,1277
20081003,110001,en,1095
20081009,030000,en,2000
20081220,080000,en,988
20081230,080001,en,1179
20081123,040000,en,1532
20081026,130000,en,1186
20081213,120001,en,1016
20081130,150000,en,1203
20081020,080000,en,6757
20081003,070000,en,1163
20081008,030001,en,2106
20081205,030000,en,1533
20081210,160000,en,1923
20081126,230000,en,1829
20081015,050001,en,1800
20081106,070000,en,1261
20081202,060000,en,1575
20081009,120000,en,1531
20081026,150000,en,1353
20081228,010000,en,1622
20081210,200000,en,2056
20081206,160000,en,1228
20081213,060001,en,1345
20081219,200000,en,1626
20081223,180000,en,1687
20081008,190000,en,2723
20081129,080000,en,813
20081003,030000,en,1493
20081117,010000,en,1736
20081006,200000,en,3127
20081017,170000,en,2359
20081130,000000,en,1718
20081120,000001,en,1714
20081210,110001,en,1313
20081209,090000,en,1116
20081016,180000,en,2590
20081227,130000,en,934
20081016,150000,en,2353
20081231,140000,en,1203
20081101,090000,en,720
20081023,100000,en,1428
20081204,110000,en,1142
20081221,100000,en,1085
20081120,050000,en,1432
20081026,040000,en,1471
20081202,000000,en,1823
20081223,060000,en,1444
20081014,150000,en,2792
20081118,090000,en,1278
20081006,050000,en,1670
20081023,230000,en,2011
20081009,080001,en,1324
20081225,050000,en,1132
20081224,200000,en,1429
20081002,130000,en,1725
20081104,050000,en,1588
20081010,190001,en,3062
20081003,140000,en,1741
20081123,180001,en,1855
20081217,100000,en,1243
20081011,180000,en,13116
20081124,120001,en,1343
20081118,150000,en,1750
20081122,030000,en,1438
20081205,050000,en,1631
20081028,150000,en,2321
20081124,180001,en,2180
20081031,070000,en,1192
20081108,040000,en,1428
20081112,210000,en,2374
20081105,020000,en,1307
20081113,050000,en,1827
20081106,140000,en,1603
20081006,210000,en,3081
20081018,090001,en,920
20081104,110000,en,1280
20081005,190000,en,2007
20081217,060001,en,1377
20081023,210000,en,2454
20081113,210000,en,2285
20081013,180000,en,2656
20081115,190000,en,1672
20081112,150000,en,1807
20081002,080000,en,1107
20081023,000001,en,1915
20081206,010000,en,1586
20081111,220000,en,2142
20081006,180000,en,2970
20081219,050000,en,1615
20081124,080000,en,1267
20081202,130001,en,1321
20081020,060000,en,1576
20081006,020000,en,1933
20081112,130000,en,1210
20081104,140000,en,1694
20081023,060001,en,1415
20081115,150000,en,1420
20081114,090000,en,982
20081219,100000,en,1093
20081201,190000,en,2252
20081105,140000,en,1394
20081126,040000,en,1651
20081026,030000,en,1525
20081025,150000,en,1656
20081028,230000,en,2319
20081216,140000,en,1432
20081231,090001,en,1004
20081211,090000,en,1003
20081004,120000,en,1005
20081003,050001,en,1369
20081108,020000,en,1427
20081114,070000,en,1161
20081005,180000,en,1964
20081025,000001,en,1738
20081104,100000,en,1296
20081020,110000,en,14331
20081014,050000,en,1946
20081221,170000,en,1373
20081204,160000,en,1985
20081119,060001,en,1473
20081212,140000,en,1463
20081113,090000,en,1250
20081227,210000,en,1477
20081229,010000,en,1476
20081117,150000,en,1991
20081125,140000,en,1554
20081015,140000,en,2162
20081219,130001,en,1142
20081027,150000,en,2497
20081211,120000,en,1081
20081129,190001,en,1688
20081031,050000,en,1582
20081215,000001,en,1965
20081126,190000,en,1962
20081112,230000,en,2160
20081107,030000,en,1638
20081227,200001,en,1495
20081114,230001,en,1754
20081206,110000,en,886
20081216,100000,en,1208
20081209,190000,en,1981
20081226,120000,en,879
20081205,140001,en,1478
20081004,140000,en,1297
20081207,170000,en,1494
20081114,010000,en,1776
20081022,160000,en,2306
20081219,090000,en,1105
20081110,100000,en,1220
20081124,040000,en,1612
20081006,140000,en,2135
20081112,160000,en,1903
20081220,160000,en,1197
20081020,100000,en,15068
20081215,010000,en,1740
20081014,080000,en,1555
20081230,170000,en,1619
20081203,110000,en,1270
20081209,230001,en,2106
20081118,140000,en,1530
20081124,210000,en,2371
20081203,050000,en,1780
20081002,040000,en,1893
20081014,210000,en,16789
20081007,150001,en,2345
20081019,150000,en,1578
20081129,150000,en,1207
20081020,020000,en,1923
20081103,110000,en,1282
20081026,120001,en,1039
20081029,060001,en,1326
20081011,170000,en,5535
20081229,160000,en,1724
20081115,210000,en,1665
20081102,190000,en,1749
20081124,200000,en,2208
20081121,000001,en,1779
20081027,160000,en,2719
20081228,060000,en,1278
20081002,230001,en,2082
20081021,100000,en,1369
20081127,110000,en,1148
20081107,060000,en,1416
20081017,000000,en,7625
20081229,060000,en,1376
20081022,230000,en,2066
20081207,150000,en,1409
20081212,130000,en,1258
20081204,180000,en,2118
20081104,220000,en,2007
20081130,210000,en,2103
20081212,200000,en,1863
20081126,120001,en,1384
20081014,020000,en,2426
20081203,200001,en,2135
20081207,180000,en,1743
20081221,030000,en,1359
20081023,030000,en,2027
20081129,070001,en,1026
20081204,150000,en,1829
20081214,040000,en,1365
20081128,200000,en,1728
20081127,140000,en,1408
20081117,130000,en,1403
20081103,010000,en,1854
20081027,130000,en,1714
20081228,130000,en,1013
20081021,090000,en,1292
20081205,160000,en,2008
20081221,120000,en,901
20081226,080000,en,961
20081111,110001,en,1215
20081030,050000,en,1636
20081010,200000,en,2906
20081024,160000,en,2437
20081226,230000,en,1535
20081120,200000,en,2184
20081019,180000,en,1904
20081114,110001,en,1053
20081126,180001,en,2030
20081012,020000,en,1771
20081210,060000,en,1376
20081001,020000,en,2183
20081107,070000,en,1345
20081216,120001,en,1194
20081214,110000,en,1221
20081010,080000,en,1606
20081228,080001,en,1113
20081127,010000,en,1543
20081216,160000,en,1767
20081206,150001,en,1195
20081007,060000,en,1582
20081213,050000,en,1293
20081214,170000,en,1644
20081013,150000,en,2632
20081123,150000,en,1494
20081029,210000,en,2549
20081002,220000,en,2335
20081231,150001,en,1273
20081014,170000,en,2845
20081118,180000,en,1992
20081203,140000,en,1610
20081013,220000,en,2638
20081219,000000,en,1699
20081029,160000,en,2375
20081123,220000,en,2026
20081128,130001,en,1195
20081122,070000,en,1169
20081226,160000,en,1267
20081105,180000,en,1864
20081215,060001,en,1467
20081023,080000,en,1361
20081207,130000,en,1145
20081220,150000,en,1101
20081222,000000,en,1548
20081206,200000,en,1640
20081005,040001,en,1317
20081110,130000,en,1338
20081203,230000,en,2172
20081223,080000,en,1229
20081216,040000,en,1606
20081118,070000,en,1275
20081228,120000,en,1048
20081027,020000,en,2000
20081028,070000,en,1198
20081024,180001,en,2290
20081003,220001,en,1980
20081222,060000,en,1159
20081113,040000,en,1828
20081203,120000,en,1187
20081215,020000,en,1633
20081017,210001,en,2473
20081031,190000,en,2435
20081018,150001,en,1494
20081219,060000,en,1405
20081005,100001,en,913
20081017,010000,en,11493
20081104,180001,en,2135
20081121,210000,en,2371
20081007,130000,en,2033
20081218,200000,en,1919
20081001,150000,en,2219
20081128,000000,en,1531
20081111,160000,en,2007
20081028,190000,en,2565
20081207,070000,en,1211
20081116,100000,en,976
20081208,010000,en,1657
20081008,150001,en,2646
20081018,190000,en,1715
20081217,050000,en,1591
20081004,110000,en,901
20081230,020001,en,1324
20081017,020000,en,1950
20081114,040000,en,1655
20081107,220000,en,1850
20081105,190000,en,1909
20081106,210000,en,2413
20081006,030000,en,2063
20081104,200000,en,2124
20081110,070000,en,1225
20081016,100001,en,1293
20081130,230000,en,2177
20081128,160000,en,1686
20081217,190000,en,1980
20081009,180000,en,2716
20081101,180000,en,1763
20081220,180000,en,1499
20081111,200000,en,3218
20081230,060000,en,1280
20081208,030000,en,1713
20081112,090000,en,1098
20081220,090000,en,938
20081116,120000,en,1041
20081121,150000,en,1906
20081128,120000,en,1113
20081227,230000,en,1378
20081225,190001,en,1154
20081208,190000,en,1924
20081106,090000,en,1113
